

conv1_weight:(20, 1, 5, 5) 

0.271203, 0.349409, 0.374789, 0.397593, 0.449099, -0.260914, 0.136235, 0.000982, -0.095568, -0.093718, -0.420899, -0.325523, -0.434300, -0.361136, -0.224310, -0.198204, -0.303684, -0.011573, 0.063465, 0.033084, 0.310395, -0.025044, 0.152029, -0.076423, 0.150152, -0.015645, -0.088459, -0.305076, -0.270937, -0.316175, 0.080057, 0.326331, 0.213881, 0.135265, 0.198216, -0.000499, 0.289209, 0.441228, 0.360720, 0.176503, -0.149540, -0.340872, -0.265880, -0.135298, 0.156308, -0.180138, 0.095274, -0.114305, -0.018665, -0.042957, 0.023675, 0.507478, 0.449030, 0.453347, 0.079266, 0.227885, 0.386975, 0.491762, 0.034828, -0.196840, -0.199987, -0.297261, 0.006662, 0.177698, -0.143684, 0.087332, -0.422479, -0.253963, -0.221691, 0.126362, -0.191556, 0.089881, -0.031204, 0.001333, 0.081400, 0.217775, 0.027607, 0.211856, 0.147930, -0.030901, 0.008647, 0.280065, 0.113300, -0.077043, 0.103257, 0.077351, -0.210227, -0.037672, -0.125993, -0.139464, -0.297685, -0.280662, -0.385942, -0.370410, -0.183019, 0.000789, 0.154526, -0.145936, -0.205898, 0.197884, 0.110547, -0.052326, -0.032817, 0.224099, 0.142879, -0.062842, 0.197443, -0.011136, -0.029463, 0.135909, 0.243021, 0.152923, -0.001927, -0.129905, -0.264061, 0.430862, 0.491573, -0.068560, -0.361656, -0.101307, 0.349813, 0.408632, -0.006903, 0.217437, -0.046237, 0.051549, -0.184724, -0.143566, 0.087694, 0.328701, -0.234443, -0.009089, -0.326035, -0.150979, 0.318337, -0.024011, -0.297814, -0.205323, -0.049634, 0.141824, 0.030456, -0.239264, -0.096264, 0.254803, 0.216026, -0.269838, -0.173671, -0.142570, 0.100777, -0.086492, -0.190276, 0.236343, 0.058735, -0.100876, -0.373622, 0.120625, -0.026559, 0.183202, 0.180706, -0.031190, -0.072256, 0.101821, 0.260432, 0.311115, 0.349224, -0.250173, 0.455275, 0.566774, 0.248996, 0.066073, -0.151501, 0.352236, 0.140964, 0.357553, 0.335181, -0.114494, 0.294684, 0.244586, 0.341086, 0.182957, -0.082713, 0.063817, 0.264467, 0.135074, -0.093394, -0.017339, -0.112107, -0.081877, -0.216170, -0.088366, 0.014707, 0.041214, -0.274025, -0.065071, 0.087004, 0.016346, -0.203565, -0.311874, -0.206875, -0.051884, 0.173990, 0.280659, -0.012402, -0.119682, 0.236887, 0.165342, 0.131327, 0.310793, -0.084651, -0.150252, -0.000899, 0.350505, -0.076237, -0.088228, -0.091265, 0.001426, 0.195147, 0.034516, 0.007640, -0.213943, -0.138891, 0.150683, 0.287985, -0.263880, -0.083134, 0.268816, 0.305302, 0.366693, 0.355958, 0.208192, 0.181805, 0.052987, -0.216278, -0.041493, -0.155619, -0.101554, -0.324962, -0.268715, -0.147261, -0.218793, -0.259886, -0.193930, -0.271098, -0.416466, -0.124587, 0.026516, -0.199944, -0.150100, -0.031904, -0.212129, 0.099839, 0.013018, -0.149407, 0.089371, 0.147207, 0.040997, -0.267947, -0.349019, -0.309500, -0.409685, 0.121946, -0.301493, -0.476471, -0.309374, -0.394939, 0.102164, -0.220094, -0.156378, 0.010458, 0.190354, 0.069795, 0.124062, 0.293631, 0.463599, 0.452339, 0.425139, 0.418708, 0.244956, 0.459982, 0.421758, -0.082478, 0.263305, 0.286975, 0.164022, 0.140893, -0.203740, -0.386150, -0.116209, 0.060086, 0.217628, -0.413200, -0.105516, -0.089737, -0.328202, 0.196525, -0.372799, -0.386520, -0.230492, -0.317588, -0.033075, 0.177167, 0.070637, 0.102978, -0.122118, 0.254488, -0.136444, -0.148080, -0.159686, -0.268694, 0.171293, -0.092885, 0.216009, 0.162847, -0.386712, -0.345574, 0.124976, -0.120012, 0.146122, -0.223954, -0.305401, 0.130835, 0.102996, 0.266144, -0.114838, -0.086131, 0.240615, -0.048499, -0.010223, 0.032875, -0.072244, 0.177703, -0.217116, 0.001241, -0.408566, -0.285562, 0.120329, 0.146942, -0.092791, -0.184072, -0.244124, 0.037001, 0.275820, 0.379468, -0.024913, -0.072057, 0.193217, -0.083330, 0.394141, 0.373322, 0.205893, -0.023086, -0.071956, -0.116679, -0.269602, -0.375713, -0.116385, -0.053017, -0.233351, -0.245649, -0.210110, -0.228725, 0.146669, -0.047917, 0.153582, 0.217154, 0.131537, -0.117228, 0.296345, 0.129856, 0.130052, 0.123572, -0.140758, 0.329054, 0.080695, 0.022011, -0.311386, 0.004066, 0.062148, -0.011046, 0.124461, -0.047522, -0.287120, 0.113145, 0.399753, -0.106292, -0.412999, 0.075292, 0.264349, 0.322732, -0.026511, -0.353474, -0.195288, 0.494085, 0.348425, -0.180562, 0.141516, 0.157699, 0.021922, 0.349389, 0.198512, -0.197263, -0.163294, 0.206807, 0.149016, 0.019356, -0.047057, -0.113482, 0.136402, 0.150714, -0.098241, -0.122363, -0.155603, 0.327464, 0.317026, 0.067138, 0.082616, 0.034140, 0.166946, 0.144325, -0.209081, -0.202522, 0.232717, 0.310712, -0.002529, -0.169804, -0.162634, -0.187727, -0.275279, -0.100568, -0.116885, 0.058940, 0.155470, -0.242473, 0.124586, 0.315146, -0.201447, -0.020622, 0.182172, 0.340200, 0.041121, -0.204360, -0.184883, 0.187079, 0.530204, 0.530006, 0.257380, 0.292076, 0.024757, 0.357508, 0.355379, 0.231130, -0.146450, -0.210718, 0.298833, 0.171143, 0.062795, -0.292843, 0.146372, 0.197606, -0.212685, -0.240067, -0.039052, 0.191713, -0.193829, -0.115374, -0.278194, -0.100363, 0.113479, -0.325025, -0.198944, -0.084046, -0.066342, 0.179258, -0.181541, -0.330071, 0.003112, -0.032430, 0.409461, -0.097841, 0.087257, 0.138713, 0.384859, 0.359955, -0.237826, -0.143838, 0.412032, 0.000501, -0.057599, 0.107553, -0.134773, 0.326798, -0.005879, 0.281294, -0.096124, -0.257094, 0.259884, 0.153684, -0.081297, -0.245083, -0.010118, 

conv1_bias:

-0.321165, 0.000746, -0.080451, -0.073219, -0.140168, 0.132215, -0.283875, 0.102657, -0.003525, 0.089379, -0.032281, -0.054467, -0.016168, -0.153285, 0.048257, -0.136235, -0.078516, -0.099649, 0.198670, -0.118111, 

